0 0 1 0 1 0 1 1 1 1 0 1 0 1 0 0
0.7267108197772659 0.06938031211847417 -0.45094729741455497 0.7961475118413417 1.3367057501563973 0.6116565682088324 0.539587897605251 -0.011351071186086248 0.14097456471602765 1.7386098265067815
0.5542519369997063 0.015402489240775318 -0.8080228236196395 1.0973555165340514 1.3367057501563973 0.36712840974510713 0.23187869766459107 -0.3608990297686083 0.3783525023615447 1.7386098265067815
0.4966355272274177 0.47262507136648646 -1.1241978204550467 1.5107925079627018 1.3367057501563973 0.224561673050365 0.6019216857735394 -0.03960336586213442 0.2229457397278235 1.7386098265067815
0.37950683153899545 0.3266284770950141 -1.362585469338254 1.1792837314013234 1.3367057501563973 0.15935426073055803 0.2562956605672102 0.3714506290968492 -0.18433052895563296 1.7386098265067815
0.8710479554948201 0.715923420330334 -1.7692492291927864 0.7230631235947803 1.3367057501563973 0.6842665852205839 0.4956000484556715 0.20256213630347297 0.28268421114990405 1.7386098265067815
0.8193506195851825 0.0906738101492599 -1.3501327382044104 0.43313443786338823 1.3367057501563973 0.36474718621008073 0.6359250100215892 -0.26961031746151765 0.7154957440124372 1.7386098265067815
0.7245526633090515 0.446372899650003 -1.4322604373142132 -0.04586881795614428 1.3367057501563973 0.11252901657551011 0.6261170409083044 -0.589714999561606 1.1165307841412964 1.7386098265067815
0.11466110136906195 0.70096018131864 -1.5722805580603292 0.046611097665022694 1.3367057501563973 0.06908007696254742 0.5050732944123606 -0.6614541766486545 1.0597574557174423 1.7386098265067815
0.46705046546798873 0.9428148246951922 -1.687355766512121 -0.43327192257303027 1.3367057501563973 0.7581831871102097 0.5577272450242837 -0.7772336380043523 1.487171373109506 1.7386098265067815
0.8358833266203683 0.7615714519991317 -1.5604149641955236 -0.3329615581204405 1.3367057501563973 0.5714129584478018 0.18605488434373785 -0.69501475008167 1.6856482589984134 1.7386098265067815
